1 20190101 20190101 599.000000 29400.000000 1 beijing
2 20180101 20180101 499.000000 28901.000000 3 beijing
3 20170101 20170101 688.000000 28213.000000 2 beijng
4 20110101 20110101 399.000000 27814.000000 1 beijing
1 20010101 20010101 399.000000 2601.000000 3 gunagzhou
2 20030405 20030405 788.000000 1813.000000 3 guangzhou
3 20160304 20160304 477.000000 1336.000000 3 guangzhou
4 19990101 19990101 299.000000 1037.000000 2 guangzhou
1 20200101 20200101 399.000000 6601.000000 1 shanghai
2 20130708 20130708 399.000000 6202.000000 3 shanghai
1 20171109 20171109 399.000000 7601.000000 2 tianjing
3 20060905 20060905 399.000000 6703.000000 1 tianjing
4 20161009 20161009 499.000000 6204.000000 1 tianjing
