2 20140405 20140405 499.000000 7102.000000 2 tianjng
3 20170101 20170101 279.000000 6987.000000 1 qingdao
5 20150101 20150101 579.000000 9304.000000 1 qingdao
1 20150101 20190101 29.000000 0.000000 1 zhanjiang
2 20150201 20190101 19.000000 0.000000 2 zhanjiang
4 20190101 20190201 4999.000000 -4999.000000 2 beijing
5 20192019 20192019 8888.000000 -8888.000000 1 hangzhou
6 20192010 20192011 999.000000 -999.000000 1 beijng
9 20240301 20190101 339.000000 0.000000 2 zhanjiang
4 20180401 20190101 69.000000 0.000000 2 zhanjiang
5 20240401 20190101 79.000000 0.000000 1 zhanjiang
6 20200501 20190101 749.599976 0.000000 1 zhanjiang
7 20200601 20210101 829.000000 0.000000 1 zhanjiang
8 20200601 20190101 12773.000000 0.000000 1 zhanjiang
9 80200701 20190101 929.000000 0.000000 1 zhanjiang
1 30200701 20190101 109.040001 0.000000 2 zhanjiang
1 12901290 12901290 999.000000 -600.000000 3 debug
1 12901290 12901290 500.000000 500.000000 1 guangdong
